001 - 046, 058
003 - 022, 023
007 - 042
013 - 014, 023, 052
014 - 013, 015
015 - 014, 029, 041
022 - 003, 023, 034, 065
023 - 003, 013, 022, 067
029 - 015, 041, 042, 055
034 - 022, 046, 063
041 - 015, 029, 052, 087 
042 - 007, 029, 072
046 - 001, 034, 058, 078
052 - 013, 041, 067, 086
055 - 029, 089
058 - 001, 046, 074, 077
063 - 034, 065, 079, 100
065 - 022, 063, 067, 082
067 - 023, 052, 082, 102
072 - 042, 105, 107
074 - 058, 094
077 - 058, 078, 094, 124
078 - 046, 077, 079
079 - 063, 078 
082 - 065, 067, 100, 101
086 - 052, 087, 102, 116
087 - 041, 086, 105
089 - 055, 105
093 - 094
094 - 074, 077, 093
100 - 063, 082, 111
102 - 067, 086, 127
105 - 072, 087, 089, 107, 108
107 - 072, 105, 161
108 - 105, 116, 135
111 - 100, 124
116 - 086, 108, 127, 142
122 - 123, 144
123 - 122, 124, 144, 165
124 - 077, 111, 123, 138
127 - 102, 116, 133
128 - 135, 142, 161, 187, 199
133 - 127, 140, 157
135 - 108, 128, 161
140 - 082, 133, 154, 156
142 - 116, 128, 157
144 - 122, 123, 163
153 - 124, 154, 180, 184
154 - 140, 153, 155
156 - 140, 154, 157, 184
157 - 133, 142, 156, 185
161 - 107, 128, 135, 199
163 - 144, 176, 191
165 - 123, 180, 191
176 - 163, 190
180 - 153, 165, 184, 190
184 - 153, 156, 180, 185
185 - 157, 184, 187
187 - 128, 185
190 - 176, 180, 191
191 - 163, 165, 190
199 -128, 161