001 - 0191, 0044
002 - 0486, 0022
003 - 0675, 0028
004 - 0789, 0015
005 - 1253, 0031
006 - 1396, 0031
007 - 1541, 0038
008 - 0133, 0109
009 - 0248, 0115
010 - 0583, 0109
011 - 0670, 0125
012 - 0740, 0109
013 - 0875, 0101
014 - 1008, 0080
015 - 1148, 0065
016 - 1282, 0112
017 - 1531, 0155
018 - 0066, 0164
019 - 0173, 0178
020 - 0313, 0147
021 - 0452, 0202
022 - 0675, 0226
023 - 0783, 0166
024 - 0955, 0173
025 - 1028, 0192
026 - 1141, 0108
027 - 1160, 0174
028 - 1211, 0149
029 - 1399, 0190
030 - 1580, 0178
031 - 0109, 0216
032 - 0263, 0255
033 - 0389, 0235
034 - 0591, 0257
035 - 0711, 0289
036 - 0758, 0296
037 - 0837, 0255
038 - 0993, 0236
039 - 1064, 0221
040 - 1188, 0269
041 - 1240, 0251
042 - 1536, 0252
043 - 0037, 0278
044 - 0198, 0310
045 - 0307, 0333
046 - 0408, 0301
047 - 0489, 0283
048 - 0616, 0338
049 - 0797, 0342
050 - 0875, 0290
051 - 1030, 0302
052 - 1110, 0280
053 - 1202, 0333
054 - 1261, 0315
055 - 1402, 0313
056 - 1586, 0329
057 - 0087, 0342
058 - 0242, 0360
059 - 0275, 0397
060 - 0334, 0387
061 - 0437, 0401
062 - 0492, 0382
063 - 0627, 0452
064 - 0709, 0437
065 - 0793, 0417
066 - 0847, 0405
067 - 0934, 0392
068 - 1046, 0368
069 - 1147, 0360
070 - 1272, 0382
071 - 1383, 0381
072 - 1500, 0390
073 - 0086, 0403
074 - 0141, 0468
075 - 0216, 0446
076 - 0315, 0443
077 - 0382, 0492
078 - 0460, 0482
079 - 0517, 0471
080 - 0652, 0499
081 - 0764, 0516
082 - 0804, 0486
083 - 0915, 0471
084 - 0988, 0438
085 - 1051, 0415
086 - 1163, 0456
087 - 1280, 0484
088 - 1331, 0497
089 - 1374, 0460
090 - 1456, 0460
091 - 1570, 0459
092 - 0044, 0523
093 - 0052, 0570
094 - 0151, 0549
095 - 0197, 0542
096 - 0432, 0576
097 - 0483, 0557
098 - 0550, 0536
099 - 0614, 0545
100 - 0725, 0576
101 - 0839, 0531
102 - 0977, 0474
103 - 1068, 0464
104 - 1164, 0511
105 - 1421, 0531
106 - 1520, 0550
107 - 1592, 0549
108 - 1392, 0643
109 - 0509, 0654
110 - 0583, 0580
111 - 0632, 0640
112 - 0661, 0619
113 - 0771, 0618
114 - 0851, 0593
115 - 0972, 0554
116 - 1164, 0623
117 - 1294, 0673
118 - 1165, 0699
119 - 1557, 0728
120 - 0042, 0774
121 - 0096, 0774
122 - 0176, 0771
123 - 0373, 0765
124 - 0492, 0742
125 - 0694, 0672
126 - 0911, 0636
127 - 1054, 0671
128 - 1243, 0894
129 - 1283, 0714
130 - 0667, 0747
131 - 0723, 0708
132 - 0849, 0700
133 - 0993, 0767
134 - 1097, 0732
135 - 1333, 0754
136 - 1522, 0829
137 - 0308, 0834
138 - 0528, 0788
139 - 0656, 0794
140 - 0847, 0779
141 - 1033, 0791
142 - 1164, 0815
143 - 1284, 0802
144 - 0054, 0912
145 - 0114, 0907
146 - 0193, 0902
147 - 0251, 0886
148 - 0330, 0875
149 - 0398, 0866
150 - 0478, 0841
151 - 0516, 0878
152 - 0568, 0839
153 - 0600, 0885
154 - 0732, 0853
155 - 0779, 0910
156 - 0873, 0911
157 - 0948, 0916
158 - 1076, 0866
159 - 1081, 1043
160 - 1338, 0912
161 - 1445, 0903
162 - 1593, 0900
163 - 0183, 0945
164 - 0264, 0948
165 - 0417, 0972
166 - 0576, 0934
167 - 0698, 0960
168 - 0744, 0991
169 - 0873, 0974
170 - 0936, 0984
171 - 1415, 1162
172 - 1199, 0976
173 - 1367, 1028
174 - 1507, 0989
175 - 1584, 1043
176 - 0033, 1027
177 - 0100, 1009
178 - 0218, 0998
179 - 0357, 1017
180 - 0445, 1033
181 - 0534, 1011
182 - 0580, 1021
183 - 0664, 0982
184 - 0807, 1043
185 - 0911, 1108
186 - 1011, 1088
187 - 1160, 1051
188 - 1307, 1056
189 - 0101, 1123
190 - 0175, 1162
191 - 0266, 1086
192 - 0288, 1186
193 - 0509, 1094
194 - 0533, 1129
195 - 0600, 1125
196 - 0697, 1069
197 - 0712, 1133
198 - 1074, 1191
199 - 1321, 1185