001 - 008, 009
002 - 010, 020
003 - 004, 011, 012
004 - 003, 013
005 - 015, 016
006 - 007, 029
007 - 006, 017
008 - 001, 018, 019
009 - 001, 019, 020
010 - 002, 011, 021, 034
011 - 003, 010, 022
012 - 003, 023
013 - 004, 014, 024
014 - 013, 015, 025
015 - 005, 014, 016, 026, 028
016 - 005, 015, 028, 029
017 - 007, 029, 030, 042
018 - 008, 031, 043
019 - 008, 009, 032
020 - 002, 009, 033
021 - 010, 033
022 - 011, 023, 034, 035
023 - 012, 013, 022, 037
024 - 013, 037, 038
025 - 014, 038, 039
026 - 015, 027, 039
027 - 026, 028, 040
028 - 015, 016, 027, 041
029 - 006, 016, 017, 041, 042
030 - 017, 042
031 - 018, 043, 044
032 - 019, 033, 044, 045
033 - 020, 021, 032, 046
034 - 010, 022, 047, 048
035 - 022, 036, 048, 065
036 - 035, 037, 049
037 - 023, 024, 036, 050 
038 - 024, 025, 050, 051
039 - 025, 026, 051, 052
040 - 027, 041, 052, 053
041 - 028, 029, 040, 054
042 - 029, 030, 056, 072
043 - 018, 031, 057
044 - 031, 032, 058
045 - 032, 046, 058, 059, 060
046 - 033, 045, 047, 061
047 - 034, 046, 062 
048 - 034, 035, 062, 063
049 - 036, 050, 066
050 - 037, 038, 049
051 - 038, 039, 052, 067, 068
052 - 039, 040, 051, 069
053 - 040, 054, 069
054 - 041, 053, 055, 070
055 - 054, 071
056 - 042, 091
057 - 043, 058, 073
058 - 044, 045, 057, 059, 074
059 - 045, 058, 075, 076
060 - 045, 061, 076
061 - 046, 060, 062, 076, 078
062 - 047, 048, 061, 079
063 - 048, 064, 079, 080
064 - 063, 065, 081
065 - 035, 064, 066, 082
066 - 049, 065, 067, 082
067 - 051, 066, 068, 084
068 - 051, 067, 069, 085
069 - 052, 053, 068, 086
070 - 054, 071, 087
071 - 055, 070, 072, 089
072 - 042, 071, 090, 091
073 - 057, 074, 092
074 - 058, 073, 075, 092
075 - 058, 059, 074, 094
076 - 059, 060, 061, 077
077 - 076, 078, 095, 096
078 - 061, 077, 079, 097
079 - 062, 063, 078, 098
080 - 063, 099, 100
081 - 064, 082, 100
082 - 065, 066, 081, 101
083 - 101, 102
084 - 067, 085
085 - 068, 084, 103
086 - 069, 103, 104
087 - 070, 088
088 - 087, 089, 117
089 - 071, 088, 105
090 - 072, 091, 105
091 - 056, 072, 090, 105, 107
092 - 073, 074, 093
093 - 092, 094
094 - 075, 093, 095
095 - 077, 094, 122
096 - 077, 097, 109
097 - 078, 096, 098, 109
098 - 079, 097, 099, 110
099 - 080, 098, 110, 112
100 - 080, 081, 101, 112, 113
101 - 082, 083, 100, 114
102 - 083, 103, 115
103 - 085, 086, 102
104 - 086, 116
105 - 089, 090, 091, 106, 108
106 - 105, 107
107 - 091, 106, 119
108 - 105, 117, 119
109 - 096, 097, 110, 124
110 - 098, 099, 109, 111
111 - 110, 112, 124
112 - 099, 100, 111, 125
113 - 100, 114, 125
114 - 101, 113, 115, 126, 131, 132
115 - 102, 114, 126, 127
116 - 104, 117, 118, 127
117 - 088, 108, 116, 129
118 - 116, 129, 134, 142
119 - 107, 108, 136
120 - 121, 144
121 - 120, 122, 145
122 - 095, 121, 123, 146
123 - 122, 124, 137, 148, 149
124 - 109, 111, 123, 138
125 - 112, 113, 131
126 - 114, 115, 127, 132, 140
127 - 115, 116, 126, 133, 134
128 - 142, 143, 160, 172, 188
129 - 117, 118, 135, 142, 143
130 - 124, 131, 139
131 - 114, 125, 130
132 - 114, 140
133 - 127, 140, 141
134 - 118, 127, 141, 142
135 - 129, 136, 143, 161
136 - 119, 135, 162
137 - 123, 147
138 - 124, 150, 152
139 - 130, 140, 153, 154
140 - 126, 132, 133, 139, 154, 156 
141 - 133, 134, 142, 158
142 - 118, 128, 134, 141, 143, 158
143 - 128, 129, 135, 142, 160
144 - 120, 145, 177
145 - 121, 144, 146
146 - 122, 145, 147, 163
147 - 137, 146, 164
148 - 123, 149, 164
149 - 123, 148, 150, 165
150 - 138, 149, 151
151 - 150, 152, 165, 166
152 - 138, 151, 153
153 - 139, 152, 154, 166, 167
154 - 139, 140, 153, 155 
155 - 154, 156, 167, 168
156 - 140, 155, 157, 169
157 - 156, 158, 170
158 - 141, 142, 157, 159
159 - 158, 170, 172, 186, 198
160 - 128, 143, 161, 173 
161 - 135, 136, 160, 173
162 - 136, 175
163 - 146, 177
164 - 147, 148, 178, 179
165 - 149, 151, 179, 180
166 - 151, 153, 181, 183
167 - 153, 155, 168, 183
168 - 155, 167, 184
169 - 156, 184
170 - 157, 159, 185
171 - 173, 175, 199
172 - 128, 159, 187
173 - 160, 171, 174, 188
174 - 161, 173, 175
175 - 162, 171, 174
176 - 177, 189
177 - 144, 163, 176
178 - 164, 189, 191
179 - 164, 165, 191
180 - 165, 181, 193
181 - 166, 180, 182, 193
182 - 181, 183, 195
183 - 166, 167, 182, 196
184 - 168, 169, 185, 196, 197
185 - 170, 184, 186
186 - 159, 185, 198
187 - 172, 188, 192
188 - 128, 173, 187, 199 
189 - 176, 178, 190
190 - 189, 191, 192
191 - 178, 179, 190, 192
192 - 190, 191, 194
193 - 180, 181, 194
194 - 192, 193, 195
195 - 182, 194, 197
196 - 183, 184, 197
197 - 184, 195, 196
198 - 159, 186, 187, 199
199 - 171, 188, 198